# FractureId; NumTraces 
0;6
# TraceId; Tips; Length 
5;0;9.0006721310911109e-01
2;1;7.3248192232951426e-03
1;1;3.5519875132203560e-01
4;1;5.6738480272445968e-01
0;1;7.8779673728130284e-01
3;1;8.6812540709619312e-01
# FractureId; NumTraces 
1;2
# TraceId; Tips; Length 
6;1;2.0414022383982705e-01
7;1;5.1833706436056648e-01
# FractureId; NumTraces 
2;4
# TraceId; Tips; Length 
10;0;9.6939043080591714e-01
8;1;3.2256658233215374e-01
11;1;4.7331559912475751e-01
9;1;1.1289023138085206e+00
# FractureId; NumTraces 
3;7
# TraceId; Tips; Length 
13;0;3.4102429976654691e-01
6;1;2.0414022383982705e-01
8;1;3.2256658233215374e-01
14;1;5.6732702421602810e-01
0;1;7.8779673728130284e-01
12;1;9.2356469262973262e-01
15;1;1.0090732438850325e+00
# FractureId; NumTraces 
4;5
# TraceId; Tips; Length 
16;1;1.8838662926109556e-01
1;1;3.5519875132203560e-01
7;1;5.1833706436056648e-01
17;1;8.3742913833653276e-01
12;1;9.2356469262973262e-01
# FractureId; NumTraces 
5;3
# TraceId; Tips; Length 
2;1;7.3248192232951426e-03
18;1;3.3046880817763963e-01
19;1;5.4983953400724495e-01
# FractureId; NumTraces 
6;5
# TraceId; Tips; Length 
13;1;3.4102429976654691e-01
20;1;8.0464337129680019e-01
3;1;8.6812540709619312e-01
21;1;9.2847724855209091e-01
9;1;1.1289023138085206e+00
# FractureId; NumTraces 
7;7
# TraceId; Tips; Length 
22;0;2.5057531746000850e-01
16;1;1.8838662926109556e-01
14;1;5.6732702421602810e-01
4;1;5.6738480272445968e-01
20;1;8.0464337129680019e-01
23;1;8.8154784382408913e-01
10;1;9.6939043080591714e-01
# FractureId; NumTraces 
8;6
# TraceId; Tips; Length 
22;1;2.5057531746000850e-01
18;1;3.3046880817763963e-01
17;1;8.3742913833653276e-01
5;1;9.0006721310911109e-01
21;1;9.2847724855209091e-01
15;1;1.0090732438850325e+00
# FractureId; NumTraces 
9;3
# TraceId; Tips; Length 
23;0;8.8154784382408913e-01
11;1;4.7331559912475751e-01
19;1;5.4983953400724495e-01
